[weather]
lat = -25.828696907298834
lon = 28.223700417671886
